longitude=13.45143
latitude=52.50032