longitude=-122.406417
latitude=37.785834